11=[[1.43927000e+03,0.00000000e+00,4.26182000e+02],[0.00000000e+00,1.43735600e+03,6.39305000e+02],[0.00000000e+00,0.00000000e+00,1.00000000e+00]]=[-0.0133,-0.1802,0.0114,-0.0156,2.2248]
===
11=[[1.41650700e+03,0.00000000e+00,4.08130000e+02],[0.00000000e+00,1.40663500e+03,6.12415000e+02],[0.00000000e+00,0.00000000e+00,1.00000000e+00]]=[-0.1206,0.5908,0.0031,-0.0104,0.183]
===
11=[[1.43619600e+03,0.00000000e+00,4.59087000e+02],[0.00000000e+00,1.43560800e+03,6.57946000e+02],[0.00000000e+00,0.00000000e+00,1.00000000e+00]]=[-2.74200000e-01,6.27120000e+00,1.25000000e-02,-5.70000000e-03,-4.77143000e+01]
===
12=[[1.41026800e+03,0.00000000e+00,4.99588000e+02],[0.00000000e+00,1.40436600e+03,6.34550000e+02],[0.00000000e+00,0.00000000e+00,1.00000000e+00]]=[8.63000000e-02,-3.47380000e+00,3.00000000e-03,7.30000000e-03,2.62915000e+01]
===
12=[[1.39832700e+03,0.00000000e+00,4.95149000e+02],[0.00000000e+00,1.40725200e+03,6.51043000e+02],[0.00000000e+00,0.00000000e+00,1.00000000e+00]]=[-8.78000000e-02,3.10800000e-01,3.40000000e-03,1.30000000e-02,-4.00540000e+00]
===
12=[[1.39893200e+03,0.00000000e+00,4.75578000e+02],[0.00000000e+00,1.40218100e+03,6.25977000e+02],[0.00000000e+00,0.00000000e+00,1.00000000e+00]]=[3.26000000e-02,-9.55300000e-01,4.00000000e-04,4.50000000e-03,5.60810000e+00]
===
21=[[1.40688200e+03,0.00000000e+00,5.34528000e+02],[0.00000000e+00,1.41157100e+03,6.23754000e+02],[0.00000000e+00,0.00000000e+00,1.00000000e+00]]=[-5.00000000e-04,-2.40600000e-01,2.20000000e-03,7.40000000e-03,2.59750000e+00]
===
21=[[1.38354200e+03,0.00000000e+00,5.41268000e+02],[0.00000000e+00,1.39269000e+03,6.34403000e+02],[0.00000000e+00,0.00000000e+00,1.00000000e+00]]=[1.00000000e-04,3.67000000e-02,7.40000000e-03,6.80000000e-03,-2.69960000e+00]
===
21=[[1.42758900e+03,0.00000000e+00,5.57594000e+02],[0.00000000e+00,1.45231300e+03,5.83996000e+02],[0.00000000e+00,0.00000000e+00,1.00000000e+00]]=[0.0178,0.0087,-0.0056,0.0172,-0.2027]
===
22=[[1.41198000e+03,0.00000000e+00,4.33920000e+02],[0.00000000e+00,1.41808600e+03,6.24218000e+02],[0.00000000e+00,0.00000000e+00,1.00000000e+00]]=[-2.38000000e-02,-1.21640000e+00,-2.40000000e-03,-7.00000000e-03,1.37576000e+01]
===
22=[[1.42993100e+03,0.00000000e+00,4.87983000e+02],[0.00000000e+00,1.42534600e+03,6.22749000e+02],[0.00000000e+00,0.00000000e+00,1.00000000e+00]]=[2.58100000e-01,-7.06250000e+00,1.50000000e-03,4.30000000e-03,5.11796000e+01]
===
22=[[1.41905100e+03,0.00000000e+00,4.83983000e+02],[0.00000000e+00,1.42072600e+03,6.85383000e+02],[0.00000000e+00,0.00000000e+00,1.00000000e+00]]=[-3.01200000e-01,9.56300000e+00,9.20000000e-03,4.30000000e-03,-9.92076000e+01]
===
12=[[1.43964300e+03,0.00000000e+00,5.05627000e+02],[0.00000000e+00,1.44487300e+03,6.27286000e+02],[0.00000000e+00,0.00000000e+00,1.00000000e+00]]=[-5.19000000e-02,1.12680000e+00,1.60000000e-03,4.40000000e-03,-7.98360000e+00]
===
12=[[1.41671600e+03,0.00000000e+00,4.45593000e+02],[0.00000000e+00,1.40534800e+03,6.27379000e+02],[0.00000000e+00,0.00000000e+00,1.00000000e+00]]=[6.63000000e-02,-2.20960000e+00,-1.00000000e-04,-1.03000000e-02,1.38946000e+01]
===
12=[[1.40773700e+03,0.00000000e+00,4.65995000e+02],[0.00000000e+00,1.40761100e+03,6.06288000e+02],[0.00000000e+00,0.00000000e+00,1.00000000e+00]]=[-2.60000000e-02,3.45100000e-01,-1.00000000e-04,-2.10000000e-03,-1.43410000e+00]
===
